rw,rx,ry,rz,ax,ay,az,gx,gy,gz,longDir,x2,x3,x4,x5,x6,x7,x8,x9,x10,x11,x12,x13,x14,x15,x16
$PUBX,00,004055.60,4215.25230,N,08258.84303,W,156.834,G3,3.2,5.3,0.836,189.14,0.146,,2.24,4.00,3.19,6,0,0*73,63409647
63428845,0.63,-0.32,-0.62,-0.34,-0.10,-0.03,-0.04,1.62,0.50,2.81
63449582,0.64,-0.32,-0.62,-0.34,0.00,0.00,-0.02,-1.00,-0.50,2.25
63474027,0.64,-0.32,-0.62,-0.34,-0.11,-0.10,-0.08,-2.44,-1.50,1.25
63495716,0.63,-0.32,-0.62,-0.34,-0.18,-0.15,-0.12,-0.06,-2.06,1.00
$PUBX,00,004055.70,4215.25229,N,08258.84305,W,156.846,G3,3.2,5.4,0.619,189.14,0.144,,2.24,4.00,3.19,6,0,0*7F,63516066
63537622,0.63,-0.32,-0.62,-0.34,-0.14,-0.01,-0.13,0.31,-3.69,0.50
63557743,0.63,-0.32,-0.62,-0.34,-0.16,-0.02,-0.09,-0.88,-1.56,1.00
63577816,0.63,-0.32,-0.62,-0.34,-0.12,0.00,-0.06,-0.44,0.56,0.62
63598059,0.63,-0.32,-0.62,-0.34,-0.17,-0.02,-0.12,-0.75,1.37,0.50
$PUBX,00,004055.80,4215.25229,N,08258.84308,W,156.855,G3,3.2,5.4,0.311,189.14,0.139,,2.24,4.00,3.19,6,0,0*78,63613778
63633031,0.63,-0.32,-0.62,-0.34,-0.12,-0.08,-0.09,-2.12,-1.44,-0.25
63656923,0.63,-0.32,-0.62,-0.34,-0.13,-0.05,-0.13,-1.37,0.56,0.31
63681173,0.63,-0.32,-0.62,-0.34,-0.18,-0.12,-0.16,-1.00,1.37,0.25
$PUBX,00,004055.90,4215.25229,N,08258.84311,W,156.862,G3,3.2,5.4,0.094,189.14,0.134,,2.24,4.00,3.19,6,0,0*76,63703502
63727143,0.63,-0.32,-0.62,-0.33,-0.14,-0.08,-0.12,3.31,-0.88,-0.94
63748163,0.63,-0.31,-0.62,-0.33,-0.23,-0.04,-0.11,2.31,-1.00,-0.75
63775144,0.63,-0.31,-0.62,-0.33,-0.12,-0.01,-0.11,1.44,1.12,-0.88
63799129,0.64,-0.31,-0.62,-0.33,-0.18,-0.09,0.02,-0.31,1.94,-0.19
$PUBX,00,004056.00,4215.25229,N,08258.84315,W,156.866,G3,3.2,5.4,0.309,189.14,0.130,,2.24,4.00,3.19,6,0,0*7F,63821364
63840634,0.64,-0.31,-0.62,-0.33,-0.17,-0.13,-0.02,0.88,2.31,-1.94
63860433,0.64,-0.31,-0.62,-0.33,-0.15,-0.10,-0.28,2.56,2.50,-0.62
63880435,0.64,-0.31,-0.62,-0.33,-0.16,-0.09,-0.14,-1.44,0.06,0.50
$PUBX,00,004056.10,4215.25230,N,08258.84319,W,156.863,G3,3.3,5.4,0.462,189.14,0.128,,2.24,4.00,3.19,6,0,0*7D,63904556
63923753,0.64,-0.31,-0.62,-0.33,-0.16,0.00,-0.05,0.25,2.31,0.37
63947013,0.64,-0.31,-0.62,-0.33,-0.21,-0.06,-0.13,-0.62,1.56,-0.94
63969221,0.64,-0.31,-0.62,-0.33,-0.15,-0.10,-0.10,-1.19,0.75,0.06
63989201,0.64,-0.31,-0.62,-0.33,-0.24,-0.08,-0.18,-1.25,0.00,1.06
$PUBX,00,004056.20,4215.25232,N,08258.84323,W,156.861,G3,3.3,5.4,0.642,189.14,0.126,,2.24,4.00,3.19,6,0,0*79,64004900
64024208,0.64,-0.31,-0.62,-0.33,-0.16,-0.03,-0.11,0.00,0.25,0.25
64045284,0.64,-0.31,-0.62,-0.33,-0.17,-0.03,-0.10,0.56,2.25,-0.13
64070823,0.64,-0.31,-0.62,-0.33,-0.16,-0.06,-0.10,-0.88,0.06,-0.50
64099533,0.64,-0.31,-0.62,-0.33,-0.11,-0.06,0.01,0.19,1.19,-0.88
$PUBX,00,004056.30,4215.25233,N,08258.84328,W,156.845,G3,3.3,5.4,0.799,189.14,0.129,,2.24,4.00,3.19,6,0,0*7C,64115258
64136468,0.64,-0.31,-0.62,-0.33,-0.12,-0.11,-0.02,0.44,0.81,-0.75
64161771,0.64,-0.31,-0.62,-0.33,-0.10,-0.08,-0.02,1.37,2.44,-0.06
64185876,0.64,-0.31,-0.62,-0.33,-0.22,-0.07,-0.15,-0.06,1.31,-0.31
$PUBX,00,004056.40,4215.25233,N,08258.84331,W,156.847,G3,3.3,5.4,0.889,189.14,0.128,,2.24,4.00,3.19,6,0,0*7E,64204050
64225149,0.64,-0.31,-0.62,-0.33,-0.12,-0.10,-0.08,-0.50,-2.00,0.50
64245073,0.64,-0.31,-0.62,-0.33,-0.15,-0.06,-0.07,0.06,-0.69,0.75
64265550,0.64,-0.31,-0.62,-0.33,-0.15,-0.07,-0.05,0.25,-0.44,0.62
64285158,0.64,-0.31,-0.62,-0.33,-0.15,0.02,-0.13,0.19,1.06,1.31
$PUBX,00,004056.50,4215.25231,N,08258.84334,W,156.852,G3,3.4,5.5,0.883,189.14,0.127,,2.24,4.00,3.19,6,0,0*7F,64306804
64331286,0.64,-0.31,-0.62,-0.33,-0.19,-0.04,-0.19,-0.62,0.13,0.62
64353733,0.64,-0.31,-0.62,-0.33,0.05,-0.10,-0.06,2.56,4.87,1.87
64383924,0.64,-0.31,-0.62,-0.33,0.07,-0.35,0.19,2.31,16.69,12.25
$PUBX,00,004056.60,4215.25232,N,08258.84340,W,156.850,G3,3.4,5.5,1.174,189.14,0.122,,2.24,4.00,3.19,6,0,0*7B,64405290
64427040,0.65,-0.31,-0.61,-0.33,-3.23,0.84,1.85,-16.75,30.69,-0.44
64451865,0.65,-0.31,-0.61,-0.33,1.38,-0.35,-2.18,-19.56,15.44,0.75
64474953,0.66,-0.31,-0.60,-0.33,0.59,0.17,-0.49,-13.69,46.00,28.75
64498913,0.66,-0.32,-0.59,-0.33,0.79,0.04,-0.45,-2.62,24.00,30.56
$PUBX,00,004056.70,4215.25232,N,08258.84347,W,156.845,G3,3.4,5.5,1.458,189.14,0.117,,2.24,4.00,3.19,6,0,0*74,64521762
64545689,0.68,-0.32,-0.58,-0.33,-0.56,0.13,-0.24,10.38,46.94,34.63
64570268,0.68,-0.32,-0.57,-0.32,-0.30,0.20,-1.10,10.00,48.13,40.75
64598005,0.69,-0.32,-0.56,-0.32,0.10,-0.07,-0.63,-9.81,29.50,47.31
$PUBX,00,004056.80,4215.25233,N,08258.84356,W,156.837,G3,3.4,5.5,1.785,189.14,0.113,,2.24,4.00,3.19,6,0,0*78,64616542
64638494,0.70,-0.33,-0.55,-0.31,1.03,0.38,0.33,5.37,24.56,57.81
64663881,0.72,-0.33,-0.54,-0.30,0.39,0.29,0.44,6.00,58.69,80.44
64692979,0.73,-0.33,-0.52,-0.29,-0.36,0.11,-0.02,23.81,128.87,115.69
$PUBX,00,004056.90,4215.25234,N,08258.84362,W,156.844,G3,3.5,5.5,1.891,189.14,0.108,,2.24,4.00,3.19,6,0,0*7C,64711445
64733498,0.78,-0.33,-0.47,-0.26,0.13,0.95,-0.78,48.38,137.81,139.37
64756707,0.80,-0.33,-0.44,-0.24,1.21,-0.16,0.13,42.88,51.63,134.06
64779092,0.81,-0.34,-0.43,-0.22,0.07,0.14,0.16,57.13,17.31,146.13
$PUBX,00,004057.00,4215.25235,N,08258.84365,W,156.808,G3,3.5,5.5,1.802,189.14,0.113,,2.24,4.00,3.19,6,0,0*7A,64803499
64827944,0.84,-0.34,-0.40,-0.15,-0.63,2.13,-1.28,85.19,99.37,190.69
64852233,0.86,-0.33,-0.37,-0.12,-0.87,1.42,-0.07,84.31,140.37,189.50
64876716,0.88,-0.34,-0.33,-0.08,-1.01,0.95,0.73,38.88,105.06,226.69
$PUBX,00,004057.10,4215.25238,N,08258.84367,W,156.789,G3,3.5,5.5,1.652,189.14,0.114,,2.24,4.00,3.19,6,0,0*7E,64903011
64936287,0.90,-0.36,-0.26,0.02,-0.16,1.74,-1.76,22.31,49.50,221.87
$PUBX,00,004057.20,4215.25241,N,08258.84372,W,156.756,G3,3.6,5.6,1.765,189.14,0.115,,2.24,4.00,3.19,6,0,0*71,65017212
65041219,0.91,-0.34,-0.19,0.15,-0.74,0.28,0.88,114.00,-1.69,100.81
65066744,0.91,-0.32,-0.18,0.18,-0.79,1.06,1.67,138.19,5.62,108.50
65089350,0.92,-0.30,-0.16,0.20,-1.01,1.35,-0.61,132.00,58.44,134.94
$PUBX,00,004057.30,4215.25243,N,08258.84377,W,156.744,G3,3.6,5.6,1.884,189.14,0.112,,4.37,9.18,6.95,5,0,0*71,65107826
65130313,0.92,-0.28,-0.12,0.25,-0.91,-0.03,-0.10,108.25,11.56,163.69
65154287,0.92,-0.26,-0.11,0.28,0.65,1.08,0.50,111.44,7.62,184.06
65180956,0.91,-0.25,-0.09,0.32,0.69,-1.27,-1.16,88.31,3.31,146.44
$PUBX,00,004057.40,4215.25245,N,08258.84383,W,156.729,G3,3.7,5.6,1.992,189.14,0.109,,4.37,9.18,6.95,5,0,0*7D,65202410
65227504,0.91,-0.21,-0.06,0.36,1.33,-0.51,-1.59,133.19,29.44,114.31
65256497,0.90,-0.20,-0.04,0.38,0.17,1.37,-1.47,78.31,46.19,73.44
65280517,0.90,-0.19,-0.02,0.39,-0.80,1.12,-0.51,18.50,33.00,31.50
$PUBX,00,004057.50,4215.25252,N,08258.84386,W,156.746,G3,3.7,5.6,2.064,189.14,0.101,,4.37,9.18,6.94,5,0,0*7C,65303445
65330866,0.89,-0.20,-0.03,0.42,-5.66,-2.67,4.07,-36.75,-36.50,87.94
65357941,0.88,-0.18,-0.03,0.44,0.05,-1.71,0.34,131.06,-135.94,155.63
65381549,0.86,-0.14,-0.03,0.48,1.65,-0.66,0.64,122.06,-63.75,133.94
$PUBX,00,004057.60,4215.25260,N,08258.84377,W,156.774,G3,3.8,5.6,1.920,189.14,0.100,,4.37,9.18,6.94,5,0,0*75,65401447
65424386,0.86,-0.11,-0.02,0.50,0.38,0.30,0.18,87.12,-1.69,34.88
65450991,0.85,-0.10,-0.01,0.51,-0.02,0.25,-0.31,19.62,-0.06,18.06
65474398,0.85,-0.11,-0.01,0.52,-1.77,-0.07,0.82,-20.75,3.87,44.69
65498686,0.84,-0.10,-0.02,0.53,1.00,-1.36,1.47,-0.56,-65.44,51.06
$PUBX,00,004057.70,4215.25266,N,08258.84379,W,156.779,G3,3.8,5.7,2.078,189.14,0.096,,4.37,9.18,6.94,5,0,0*79,65519043
65540974,0.84,-0.08,-0.01,0.54,0.46,-0.75,0.77,64.87,20.00,14.94
65563551,0.84,-0.08,-0.00,0.54,-0.49,0.22,-0.42,50.56,47.81,8.06
65585876,0.84,-0.08,0.01,0.54,-1.29,0.38,-0.62,35.94,40.56,10.56
$PUBX,00,004057.80,4215.25260,N,08258.84381,W,156.746,G3,3.9,5.7,1.673,189.14,0.107,,4.37,9.18,6.94,5,0,0*7D,65608757
65662445,0.83,-0.07,0.01,0.55,1.77,-1.20,-0.20,40.12,14.69,43.25
65696981,0.82,-0.06,0.02,0.56,0.39,-0.36,-0.58,54.06,22.06,35.63
$PUBX,00,004057.90,4215.25257,N,08258.84386,W,156.719,G3,3.9,5.7,1.496,189.14,0.113,,4.37,9.18,6.94,5,0,0*79,65715258
65737010,0.82,-0.05,0.03,0.57,0.72,-0.27,-0.18,32.81,-11.63,38.81
65761771,0.81,-0.04,0.03,0.58,0.08,0.46,0.82,34.25,-10.13,42.75
65785036,0.81,-0.04,0.03,0.59,-0.18,0.72,1.38,20.37,-7.94,26.75
$PUBX,00,004058.00,4215.25246,N,08258.84388,W,156.674,G3,3.9,5.7,1.170,189.14,0.129,,4.37,9.18,6.94,5,0,0*7F,65803459
65828497,0.80,-0.03,0.04,0.59,0.58,-0.31,0.48,8.50,11.00,15.25
65855355,0.80,-0.03,0.04,0.60,0.48,-0.42,-0.06,-0.62,-4.31,21.75
65879533,0.80,-0.03,0.04,0.60,-0.32,-0.23,-0.23,-8.31,-14.75,28.38
$PUBX,00,004058.10,4215.25241,N,08258.84388,W,156.654,G3,4.0,5.7,0.991,189.14,0.137,,4.37,9.18,6.94,5,0,0*7C,65902458
65925597,0.79,-0.03,0.03,0.61,-0.75,0.11,0.63,-9.63,-14.13,7.25
65952158,0.79,-0.03,0.03,0.61,0.10,-0.41,0.41,-11.94,-6.69,-6.69
65975955,0.79,-0.03,0.03,0.61,0.02,-0.31,-0.51,-17.19,-8.63,-2.37
$PUBX,00,004058.20,4215.25237,N,08258.84385,W,156.634,G3,4.0,5.8,0.790,189.14,0.146,,4.37,9.18,6.94,5,0,0*73,66002296
66025788,0.79,-0.04,0.02,0.61,-0.43,0.04,-0.52,-9.50,-14.06,-7.81
66048134,0.79,-0.04,0.01,0.61,-0.24,-0.22,-0.21,-6.19,-8.13,-16.25
66073664,0.79,-0.04,0.01,0.61,0.58,-0.71,-0.62,-12.06,-9.06,-16.44
$PUBX,00,004058.30,4215.25227,N,08258.84379,W,156.598,G3,4.1,5.8,0.801,189.14,0.155,,4.37,9.18,6.94,5,0,0*71,66102171
66126462,0.79,-0.03,-0.00,0.61,0.44,-0.51,0.08,-15.81,-25.81,2.44
66150890,0.80,-0.03,-0.00,0.61,-0.07,0.01,-0.36,-4.62,-2.69,-7.31
66176049,0.80,-0.03,0.00,0.60,0.38,-0.41,-0.62,13.50,13.31,-17.37
$PUBX,00,004058.40,4215.25221,N,08258.84377,W,156.578,G3,4.2,5.8,0.969,189.14,0.154,,4.37,9.18,6.94,5,0,0*7D,66202287
66226656,0.80,-0.03,-0.00,0.60,0.66,-0.68,0.77,2.81,-17.37,7.81
66258159,0.80,-0.03,-0.00,0.60,0.19,-0.15,-0.02,-5.56,-5.75,-5.56
$PUBX,00,004058.50,4215.25222,N,08258.84373,W,156.576,G3,4.2,5.8,0.828,189.14,0.146,,4.37,9.18,6.94,5,0,0*72,66302683
66328268,0.80,-0.03,0.00,0.60,0.20,-0.28,0.51,-15.94,-3.87,-8.13
66354794,0.80,-0.03,-0.00,0.60,0.12,-1.52,-0.17,-11.06,11.31,-6.06
66378844,0.80,-0.03,0.01,0.60,0.80,-0.56,-1.76,27.75,12.19,3.19
$PUBX,00,004058.60,4215.25233,N,08258.84362,W,156.608,G3,4.3,5.8,0.401,189.14,0.109,,4.37,9.18,6.94,5,0,0*76,66401662
66426662,0.80,-0.02,0.01,0.60,0.03,0.00,0.04,6.62,-9.38,8.69
66453128,0.79,-0.02,0.01,0.61,0.41,-0.45,-0.52,13.62,-5.62,-1.69
66478403,0.80,-0.02,0.01,0.61,0.44,-0.42,-0.28,21.37,-5.06,-3.37
$PUBX,00,004058.70,4215.25232,N,08258.84351,W,156.610,G3,4.3,5.9,0.716,189.14,0.092,,4.37,9.18,6.94,5,0,0*78,66503178
66528124,0.80,-0.01,0.01,0.60,0.35,-0.04,0.34,14.31,-2.56,-5.19
66550743,0.80,-0.01,0.01,0.60,0.50,-0.51,0.14,-18.94,1.69,-7.12
66574743,0.80,-0.02,0.01,0.60,0.23,-0.87,0.33,-8.81,-3.06,-6.00
$PUBX,00,004058.80,4215.25221,N,08258.84357,W,156.590,G3,4.4,5.9,0.994,189.14,0.091,,4.37,9.18,6.94,5,0,0*78,66601701
66625805,0.80,-0.01,0.01,0.60,0.48,-0.45,-0.53,-4.37,-27.56,2.25
66654462,0.80,-0.01,-0.00,0.60,0.52,-0.76,-0.28,7.12,-39.25,1.44
66679803,0.80,-0.00,-0.01,0.60,0.34,-0.32,-0.12,7.87,-30.81,-6.62
$PUBX,00,004058.90,4215.25210,N,08258.84352,W,156.554,G3,4.4,5.9,1.423,189.14,0.111,,4.37,9.18,6.94,5,0,0*7F,66700751
66722859,0.80,0.00,-0.01,0.60,0.51,-0.21,-0.32,-0.31,-10.25,6.44
66745295,0.80,0.00,-0.01,0.60,0.79,-0.15,-0.05,5.44,-12.13,7.62
66770153,0.80,0.01,-0.01,0.60,0.17,-0.49,-0.47,6.75,-12.37,9.69
66793238,0.80,0.01,-0.01,0.61,0.41,-0.62,-0.56,12.19,-7.19,-1.12
$PUBX,00,004059.00,4215.25216,N,08258.84355,W,156.562,G3,4.5,5.9,1.052,189.14,0.107,,4.37,9.18,6.94,5,0,0*77,66813567
66836998,0.80,0.01,-0.01,0.61,0.18,-0.50,-0.21,-8.13,3.56,0.31
66863144,0.80,0.01,-0.01,0.61,0.21,-0.56,-0.05,0.37,1.75,2.06
66886951,0.80,0.01,-0.01,0.61,0.44,-0.39,-0.31,10.06,-0.06,2.75
$PUBX,00,004059.10,4215.25224,N,08258.84364,W,156.579,G3,4.5,5.9,0.602,189.14,0.098,,4.37,9.18,6.94,5,0,0*7A,66911669
66943533,0.79,0.01,-0.01,0.61,0.37,-0.04,0.14,-3.25,3.44,3.62
66972671,0.79,0.01,-0.01,0.61,0.33,-0.48,-0.46,-6.69,7.19,2.69
$PUBX,00,004059.20,4215.25218,N,08258.84401,W,156.559,G3,4.6,6.0,1.596,189.14,0.107,,4.37,9.18,6.94,5,0,0*71,67002414
67024745,0.79,0.01,-0.01,0.61,0.41,-0.34,-0.16,0.19,3.94,-1.75
67051293,0.79,0.01,-0.01,0.61,0.31,-0.31,-0.15,-0.13,4.56,0.75
67074658,0.79,0.01,-0.01,0.61,0.26,-0.38,-0.08,-1.31,9.13,0.44
67096936,0.79,0.01,-0.01,0.61,0.33,-0.57,-0.15,-5.94,8.19,-1.75
$PUBX,00,004059.30,4215.25214,N,08258.84409,W,156.544,G3,4.6,6.0,1.860,189.14,0.106,,6.69,11.12,8.33,4,0,0*45,67115234
67141143,0.79,0.00,-0.01,0.61,0.33,-0.39,-0.30,-6.56,4.25,-1.87
67167774,0.79,0.00,-0.01,0.61,0.17,-0.40,-0.43,9.44,3.06,2.00
67193496,0.79,0.00,-0.01,0.61,0.19,-0.43,-0.03,8.81,0.69,-0.31
$PUBX,00,004059.40,4215.25212,N,08258.84413,W,156.520,G3,4.7,6.0,1.851,189.14,0.108,,6.68,11.12,8.33,4,0,0*41,67216212
67238524,0.79,0.00,-0.01,0.61,0.28,-0.18,-0.18,-3.50,-1.56,-1.75
67263640,0.79,0.00,-0.01,0.61,0.33,-0.23,-0.49,2.19,-4.12,0.19
67288289,0.79,0.00,-0.01,0.61,0.29,-0.46,-0.13,11.25,-4.19,-0.37
$PUBX,00,004059.50,4215.25192,N,08258.84414,W,156.468,G3,4.8,6.0,2.205,189.14,0.124,,6.68,11.12,8.33,4,0,0*48,67308710
67333710,0.79,0.01,-0.01,0.61,0.25,0.01,0.08,-2.62,-4.00,-1.31
67358435,0.79,0.01,-0.01,0.61,0.26,-0.34,-0.40,-1.25,-3.12,0.69
67384187,0.79,0.01,-0.01,0.61,0.39,-0.49,-0.57,2.87,1.19,1.44
$PUBX,00,004059.60,4215.25183,N,08258.84409,W,156.442,G3,4.8,6.1,2.184,189.14,0.132,,6.68,11.12,8.33,4,0,0*43,67406720
67429424,0.79,0.01,-0.01,0.61,0.20,-0.02,0.28,2.62,2.19,-0.25
67458332,0.79,0.01,-0.01,0.61,0.18,-0.33,0.15,-1.31,-0.62,0.69
67482744,0.79,0.01,-0.01,0.61,0.33,-0.37,-0.07,1.37,11.25,4.19
$PUBX,00,004059.70,4215.25180,N,08258.84414,W,156.425,G3,4.9,6.1,2.231,189.14,0.130,,6.68,11.12,8.33,4,0,0*42,67501915
67528920,0.79,0.00,-0.00,0.62,0.26,-0.10,-0.29,0.25,6.62,-0.44
67553558,0.79,0.00,-0.00,0.62,0.22,-0.14,-0.10,-2.69,2.50,1.44
67577879,0.79,0.00,-0.00,0.62,0.09,-0.49,0.09,-0.37,6.44,4.37
$PUBX,00,004059.80,4215.25193,N,08258.84414,W,156.311,G3,4.9,6.1,1.733,189.14,0.131,,2.77,4.00,3.20,5,0,0*7F,67602088
67633501,0.79,0.00,-0.00,0.62,0.19,-0.08,-0.22,-0.88,-6.50,-2.19
67660124,0.79,0.00,-0.01,0.62,0.11,-0.32,-0.10,0.81,-1.56,3.31
67684533,0.78,0.00,-0.01,0.62,0.23,-0.29,-0.13,3.69,-7.44,2.75
$PUBX,00,004059.90,4215.25195,N,08258.84419,W,156.177,G3,5.0,6.1,1.729,189.14,0.137,,2.77,4.00,3.20,5,0,0*72,67706911
67730079,0.78,0.01,-0.01,0.62,0.31,-0.24,-0.29,5.31,-6.06,-2.31
67756377,0.78,0.01,-0.01,0.62,0.22,-0.07,-0.04,0.56,-3.25,-1.12
67779786,0.78,0.01,-0.01,0.62,0.10,-0.16,-0.09,0.50,-1.87,0.56
$PUBX,00,004100.00,4215.25181,N,08258.84436,W,156.009,G3,5.0,6.2,2.533,189.14,0.150,,2.77,4.00,3.20,5,0,0*7E,67802449
67824356,0.78,0.01,-0.01,0.62,0.20,-0.27,0.03,4.06,-4.50,-0.50
67849497,0.78,0.01,-0.01,0.62,0.22,-0.14,-0.04,3.06,-4.62,-0.44
67871905,0.78,0.01,-0.01,0.62,0.23,-0.17,-0.10,1.12,-0.13,3.44
67896126,0.78,0.01,-0.01,0.62,0.18,-0.43,0.07,2.37,1.62,3.00
$PUBX,00,004100.10,4215.25157,N,08258.84462,W,155.817,G3,5.1,6.2,3.838,189.14,0.167,,2.77,4.00,3.20,5,0,0*73,67918607
67942852,0.78,0.01,-0.01,0.62,-0.13,-0.28,0.14,-6.44,-10.50,-1.94
67965317,0.78,0.01,-0.02,0.62,0.20,-0.14,-0.28,-8.88,-0.88,0.00
67990399,0.78,0.01,-0.02,0.62,0.33,0.07,-0.20,-8.81,4.44,-1.56
$PUBX,00,004100.20,4215.25158,N,08258.84467,W,155.679,G3,5.1,6.2,3.765,189.14,0.172,,2.77,4.00,3.20,5,0,0*7F,68008855
68032013,0.78,0.01,-0.02,0.62,0.34,0.20,0.05,9.38,-13.06,1.87
68058263,0.78,0.01,-0.02,0.62,0.21,-0.38,-0.23,7.87,-12.69,4.50
68082267,0.78,0.01,-0.02,0.63,-0.10,-0.67,0.28,0.37,2.37,4.06
$PUBX,00,004100.30,4215.25164,N,08258.84476,W,155.536,G3,5.2,6.2,3.553,189.14,0.179,,2.77,4.00,3.20,5,0,0*76,68106930
68131530,0.78,0.01,-0.02,0.63,0.34,-0.13,0.49,2.19,-1.56,3.50
68158240,0.78,0.01,-0.02,0.63,0.38,-0.53,0.50,6.75,0.19,8.31
68183705,0.78,0.01,-0.01,0.63,0.60,-0.54,0.94,3.87,11.25,7.12
$PUBX,00,004100.40,4215.25177,N,08258.84482,W,155.399,G3,5.3,6.3,3.061,189.14,0.184,,2.77,4.00,3.20,5,0,0*7D,68206462
68231212,0.77,0.00,-0.01,0.63,0.45,-0.60,0.65,-12.69,67.56,8.25
68265285,0.77,-0.03,0.02,0.64,0.76,-0.07,-0.05,-24.06,158.50,-0.75
68290396,0.77,-0.05,0.04,0.63,0.96,-0.11,2.25,-6.25,185.56,-8.38
$PUBX,00,004100.50,4215.25179,N,08258.84492,W,155.259,G3,5.3,6.3,3.030,189.14,0.193,,2.77,4.00,3.20,5,0,0*7C,68308777
68333027,0.76,-0.12,0.12,0.63,0.28,-0.07,0.59,-42.06,266.75,3.12
68359715,0.75,-0.17,0.15,0.62,1.65,0.10,-1.48,-64.19,363.44,-8.31
68384012,0.73,-0.23,0.22,0.60,1.81,-0.29,-0.80,-29.00,349.44,0.56
$PUBX,00,004100.60,4215.25176,N,08258.84502,W,155.123,G3,5.4,6.3,3.153,189.14,0.202,,2.77,4.00,3.20,5,0,0*7E,68406693
68433450,0.70,-0.30,0.31,0.57,0.45,0.41,-0.50,26.62,291.44,30.12
68456462,0.68,-0.33,0.35,0.56,0.51,0.45,-0.17,0.62,258.25,17.50
68480855,0.66,-0.35,0.38,0.55,0.76,0.34,-0.79,-3.44,245.75,12.13
$PUBX,00,004100.70,4215.25176,N,08258.84510,W,154.986,G3,5.5,6.3,3.161,189.14,0.208,,2.77,4.00,3.20,5,0,0*70,68504403
68526779,0.62,-0.39,0.44,0.52,0.17,-0.77,-0.97,23.87,153.81,55.75
68555720,0.61,-0.38,0.46,0.52,-0.54,-0.13,-0.88,24.75,38.63,48.00
68582186,0.61,-0.38,0.46,0.52,0.10,-0.39,-0.96,10.88,-24.44,23.50
$PUBX,00,004100.80,4215.25173,N,08258.84525,W,154.818,G3,5.5,6.4,3.521,189.14,0.217,,3.44,4.33,3.28,4,0,0*7B,68604746
68627275,0.62,-0.36,0.44,0.54,0.09,-0.42,0.22,-2.25,-140.88,9.31
68655497,0.65,-0.33,0.41,0.56,-0.32,-0.53,0.43,-6.69,-200.62,1.87
68685049,0.66,-0.31,0.38,0.57,-0.07,0.29,0.86,-18.25,-241.00,-10.50
$PUBX,00,004100.90,4215.25177,N,08258.84553,W,154.641,G3,5.6,6.4,4.001,189.14,0.226,,3.44,4.33,3.28,4,0,0*7C,68704716
68728764,0.69,-0.26,0.30,0.60,-0.04,-0.11,0.91,-42.19,-275.31,-1.06
68753643,0.71,-0.23,0.26,0.62,-1.46,0.17,1.49,-36.50,-317.44,-3.31
68786940,0.73,-0.16,0.18,0.64,-0.37,0.72,0.73,27.50,-340.44,19.25
$PUBX,00,004101.00,4215.25178,N,08258.84559,W,154.489,G3,5.7,6.4,3.843,189.14,0.234,,3.44,4.33,3.28,4,0,0*7C,68808245
68831421,0.74,-0.08,0.10,0.66,1.15,0.34,-1.02,22.31,-310.50,7.75
68857040,0.74,-0.03,0.05,0.66,0.73,-0.14,0.82,1.62,-285.63,15.56
68886535,0.75,0.00,0.02,0.67,0.45,0.13,-0.60,11.44,-253.19,9.31
$PUBX,00,004101.10,4215.25173,N,08258.84562,W,154.341,G3,5.8,6.4,3.784,189.14,0.242,,3.44,4.33,3.28,4,0,0*77,68906895
68929549,0.74,0.05,-0.05,0.67,0.69,-1.26,0.67,-28.50,-201.50,14.50
68953709,0.74,0.07,-0.08,0.67,1.78,2.00,0.29,1.37,-239.75,27.25
68980639,0.73,0.12,-0.10,0.67,0.69,-0.78,-0.35,86.31,-165.06,11.12
$PUBX,00,004101.20,4215.25166,N,08258.84565,W,154.193,G3,5.9,6.5,3.784,189.14,0.249,,3.44,4.33,3.28,4,0,0*71,69003018
69024943,0.72,0.16,-0.13,0.66,0.47,0.12,-0.59,2.75,-166.25,24.12
69050515,0.71,0.19,-0.16,0.66,0.82,-0.46,-0.76,12.37,-129.75,42.19
69076727,0.70,0.20,-0.17,0.66,0.43,-1.81,-0.89,14.94,-103.00,28.94
$PUBX,00,004101.30,4215.25166,N,08258.84581,W,154.023,G3,6.0,6.5,4.028,189.14,0.258,,3.44,4.33,3.28,4,0,0*7C,69102981
69129341,0.69,0.23,-0.20,0.66,1.22,0.73,0.77,-5.69,-56.31,-0.31
69152082,0.69,0.22,-0.20,0.66,0.71,-0.53,-0.47,-18.62,-0.62,13.00
69174558,0.69,0.22,-0.20,0.66,0.01,-1.56,-1.25,-32.00,39.69,12.06
69199708,0.70,0.20,-0.20,0.66,0.22,-1.64,-1.37,-53.25,48.44,-2.31
$PUBX,00,004101.40,4215.25167,N,08258.84591,W,153.876,G3,6.1,6.5,3.905,189.14,0.265,,3.44,4.33,3.28,4,0,0*7A,69224653
69249646,0.71,0.17,-0.18,0.66,0.76,0.36,1.00,-30.62,95.56,-14.87
69272233,0.72,0.15,-0.17,0.66,0.55,-0.55,-0.70,-27.81,133.06,-0.50
69296449,0.72,0.13,-0.16,0.66,0.50,-1.16,-1.61,-39.63,169.50,-2.19
$PUBX,00,004101.50,4215.25171,N,08258.84608,W,153.722,G3,6.2,6.5,3.905,189.14,0.272,,3.44,4.33,3.28,4,0,0*74,69319037
69342336,0.74,0.05,-0.10,0.66,0.77,0.20,-0.60,-56.56,250.00,-26.06
69371349,0.75,0.00,-0.06,0.66,0.51,-0.20,-0.28,-43.19,244.19,-17.12
69393885,0.75,-0.03,-0.03,0.66,0.98,-0.65,-1.80,-15.94,249.81,-16.69
$PUBX,00,004101.60,4215.25177,N,08258.84626,W,153.562,G3,6.3,6.6,3.961,189.14,0.279,,3.44,4.33,3.28,4,0,0*70,69416572
69442606,0.76,-0.11,0.05,0.64,0.93,0.27,-0.06,-27.44,270.06,-29.37
69469013,0.76,-0.14,0.07,0.63,0.26,-0.27,0.40,-31.31,253.75,-30.25
69493038,0.76,-0.19,0.11,0.62,0.18,-0.47,0.47,-43.75,225.13,-26.75
$PUBX,00,004101.70,4215.25185,N,08258.84649,W,153.398,G3,6.4,6.6,4.133,189.14,0.286,,3.44,4.33,3.28,4,0,0*79,69515757
69545391,0.75,-0.25,0.18,0.59,0.36,0.43,1.10,2.25,218.12,-35.56
69567743,0.75,-0.27,0.20,0.57,0.42,-0.88,1.15,-0.62,225.81,-25.88
69592821,0.73,-0.30,0.25,0.56,-1.17,-1.19,1.95,10.13,226.56,1.44
$PUBX,00,004101.80,4215.25191,N,08258.84664,W,153.253,G3,6.4,6.6,3.986,189.14,0.292,,3.44,4.33,3.28,4,0,0*7E,69611177
69633514,0.71,-0.34,0.31,0.53,-0.11,-0.30,0.02,8.63,249.44,12.88
69663307,0.69,-0.36,0.35,0.51,-0.08,0.32,0.35,24.19,187.00,9.56
69688696,0.68,-0.38,0.37,0.51,-0.39,-0.22,-0.33,-5.69,149.06,6.19
$PUBX,00,004101.90,4215.25189,N,08258.84670,W,153.107,G3,6.5,6.6,3.815,189.14,0.298,,3.44,4.33,3.28,4,0,0*71,69711453
69733646,0.67,-0.39,0.39,0.50,-0.82,-1.22,0.09,-4.87,28.75,10.00
69761052,0.67,-0.38,0.38,0.50,0.80,-0.03,-0.02,21.62,-92.06,13.06
69787438,0.69,-0.35,0.35,0.52,-0.48,0.73,1.12,27.31,-245.56,7.31
$PUBX,00,004102.00,4215.25164,N,08258.84647,W,152.974,G3,6.6,6.7,3.436,189.14,0.305,,3.44,4.33,3.28,4,0,0*7B,69805735
69829603,0.73,-0.29,0.27,0.55,-0.49,-0.29,0.82,3.75,-356.87,-33.38
69854824,0.76,-0.24,0.21,0.57,1.57,0.15,-1.88,26.62,-359.62,-17.37
69877494,0.77,-0.20,0.18,0.58,1.19,0.67,1.49,84.37,-283.38,26.62
$PUBX,00,004102.10,4215.25142,N,08258.84626,W,152.844,G3,6.7,6.7,3.396,189.14,0.311,,3.44,4.33,3.28,4,0,0*72,69902015
69928427,0.78,-0.13,0.10,0.60,-0.45,-0.03,1.39,-32.69,-339.88,-11.69
69953800,0.79,-0.09,0.04,0.60,1.19,0.04,-0.87,-12.56,-441.62,-24.12
69980498,0.79,-0.01,-0.04,0.61,2.59,1.38,-0.53,84.87,-378.37,-13.31
$PUBX,00,004102.20,4215.25141,N,08258.84644,W,152.673,G3,6.8,6.7,3.793,189.14,0.317,,3.44,4.33,3.28,4,0,0*74,70001500
70028044,0.78,0.07,-0.11,0.61,0.00,-1.15,1.24,15.81,-204.13,32.50
70056008,0.77,0.10,-0.15,0.61,-0.27,-0.29,-1.16,3.44,-206.31,21.62
70082919,0.76,0.13,-0.18,0.61,1.16,-0.43,-2.47,39.19,-188.12,2.62
$PUBX,00,004102.30,4215.25129,N,08258.84649,W,152.510,G3,6.9,6.8,4.138,189.14,0.325,,3.44,4.33,3.28,4,0,0*7F,70103009
70124871,0.75,0.17,-0.21,0.60,0.51,-0.74,-0.01,20.12,-131.37,16.00
70149522,0.74,0.19,-0.23,0.60,0.35,-1.12,-1.17,48.00,-161.62,17.69
70171918,0.73,0.22,-0.25,0.60,0.24,-0.49,-1.01,86.19,-195.62,-3.19
70197292,0.71,0.27,-0.27,0.59,0.46,-0.19,-1.19,75.12,-221.75,-10.38
$PUBX,00,004102.40,4215.25124,N,08258.84660,W,152.354,G3,7.0,6.8,4.282,189.14,0.332,,3.44,4.33,3.28,4,0,0*74,70220279
70244319,0.70,0.29,-0.29,0.58,0.03,-1.06,-0.24,3.37,-36.31,8.13
70271248,0.70,0.28,-0.29,0.58,0.14,-1.08,-0.60,-57.38,59.13,-0.37
70296189,0.71,0.26,-0.29,0.58,0.01,-0.20,-1.23,-90.50,117.50,-1.75
$PUBX,00,004102.50,4215.25117,N,08258.84671,W,152.201,G3,7.1,6.8,4.420,189.14,0.339,,3.44,4.33,3.28,4,0,0*70,70320793
70344301,0.74,0.19,-0.26,0.59,0.29,0.51,-1.96,-89.94,199.75,16.69
70369255,0.75,0.14,-0.23,0.60,0.66,0.10,-1.43,-68.25,223.38,18.62
70398983,0.77,0.10,-0.20,0.60,-0.22,-0.59,-1.15,-57.25,190.25,0.75
$PUBX,00,004102.60,4215.25112,N,08258.84683,W,152.051,G3,7.2,6.8,4.548,189.14,0.346,,3.44,4.33,3.28,4,0,0*78,70417516
70440152,0.78,0.06,-0.17,0.60,0.32,0.00,-1.00,-11.50,128.25,-7.56
70470854,0.78,0.05,-0.15,0.60,0.26,-0.78,-1.11,26.75,95.81,-2.37
$PUBX,00,004102.70,4215.25106,N,08258.84688,W,152.016,NF,7.3,6.9,4.548,189.14,0.346,,99.99,99.99,99.99,0,0,0*32,70499863
70522445,0.79,0.02,-0.10,0.60,0.07,-0.28,0.35,-20.12,155.31,-3.81
70547090,0.79,0.00,-0.09,0.60,0.44,-0.51,-0.34,-25.94,145.69,-6.62
70573956,0.80,-0.02,-0.06,0.60,0.83,-0.13,-1.90,-26.56,126.81,3.69
$PUBX,00,004102.80,4215.25101,N,08258.84694,W,151.982,NF,7.4,6.9,4.548,189.14,0.346,,99.99,99.99,99.99,0,0,0*37,70598052
70625852,0.80,-0.04,-0.04,0.60,0.42,0.46,1.31,7.31,53.81,2.37
70650912,0.80,-0.05,-0.02,0.60,0.89,0.75,0.48,26.69,53.13,11.63
70682089,0.79,-0.05,-0.01,0.61,1.17,0.06,-0.04,32.25,34.69,16.31
$PUBX,00,004102.90,4215.25095,N,08258.84699,W,151.947,NF,7.6,6.9,4.548,189.14,0.346,,99.99,99.99,99.99,0,0,0*3C,70703812
70726152,0.79,-0.04,-0.00,0.61,0.61,-0.03,1.56,32.44,-13.31,-7.81
70753625,0.79,-0.03,0.00,0.61,0.72,0.07,0.36,26.06,-9.13,3.00
70776216,0.79,-0.03,0.00,0.61,0.56,-0.13,0.72,25.88,-25.94,6.06
$PUBX,00,004103.00,4215.25090,N,08258.84704,W,151.912,NF,7.7,7.0,4.548,189.14,0.346,,99.99,99.99,99.99,0,0,0*3D,70804673
70826494,0.79,-0.01,-0.01,0.61,0.90,-0.18,0.54,5.87,-32.88,0.06
70854130,0.79,-0.01,-0.01,0.61,0.71,0.46,0.16,1.75,-4.12,4.06
70876536,0.79,-0.01,-0.01,0.61,0.66,0.13,0.00,0.25,2.62,7.94
$PUBX,00,004103.10,4215.25084,N,08258.84709,W,151.878,NF,7.9,7.0,4.548,189.14,0.346,,99.99,99.99,99.99,0,0,0*37,70899333
70923736,0.79,-0.01,-0.01,0.61,0.46,-0.28,0.25,4.37,-6.50,2.81
70954252,0.79,-0.00,-0.01,0.61,0.53,-0.02,0.04,1.31,-0.75,1.94
70980876,0.79,-0.00,-0.01,0.61,0.65,0.05,-0.28,2.44,-0.62,3.00
$PUBX,00,004103.20,4215.25078,N,08258.84715,W,151.843,NF,8.0,7.0,4.548,189.14,0.346,,99.99,99.99,99.99,0,0,0*34,70999787
71024255,0.79,-0.00,-0.01,0.61,0.43,-0.12,0.40,3.62,-5.44,5.94
71051037,0.79,-0.00,-0.01,0.62,0.57,-0.07,0.68,-16.62,1.25,6.56
71077881,0.79,-0.01,-0.01,0.62,0.70,0.07,1.16,-24.37,1.62,6.75
$PUBX,00,004103.30,4215.25073,N,08258.84720,W,151.809,NF,8.2,7.1,4.548,189.14,0.346,,99.99,99.99,99.99,0,0,0*35,71098557
71125213,0.78,-0.03,-0.03,0.62,0.54,0.28,2.51,-63.25,6.00,14.31
71147722,0.78,-0.04,-0.04,0.62,0.29,-0.04,2.28,-108.81,12.75,18.06
71172918,0.78,-0.06,-0.05,0.62,0.53,0.88,2.17,-122.87,16.25,17.56
$PUBX,00,004103.40,4215.25067,N,08258.84725,W,151.774,NF,8.3,7.1,4.548,189.14,0.346,,99.99,99.99,99.99,0,0,0*36,71198358
71222412,0.76,-0.13,-0.09,0.63,0.42,0.97,0.56,-257.50,25.75,35.81
71245215,0.75,-0.19,-0.13,0.62,0.48,0.29,-1.03,-296.63,19.56,27.00
71270948,0.74,-0.23,-0.16,0.61,0.08,1.81,0.32,-318.56,14.63,3.31
$PUBX,00,004103.50,4215.25062,N,08258.84730,W,151.739,NF,8.5,7.1,4.548,189.14,0.346,,99.99,99.99,99.99,0,0,0*39,71298806
71327886,0.69,-0.36,-0.24,0.57,0.66,1.68,-1.54,-326.94,48.25,-2.31
71352004,0.68,-0.40,-0.27,0.56,0.75,1.37,-0.55,-307.62,58.31,-6.50
71377203,0.65,-0.46,-0.29,0.53,0.77,0.61,-1.73,-262.44,85.00,-5.19
$PUBX,00,004103.60,4215.25063,N,08258.84749,W,151.605,G3,8.6,7.2,4.604,189.14,0.352,,2.99,4.54,3.71,4,0,0*7F,71403276
71428758,0.63,-0.51,-0.32,0.50,0.88,1.06,-0.80,-144.87,33.13,-4.00
71457587,0.62,-0.53,-0.32,0.48,0.61,-0.36,-1.68,-96.75,24.31,-3.00
71480410,0.61,-0.53,-0.33,0.48,0.72,-0.51,-2.09,-24.81,9.44,-1.56
$PUBX,00,004103.70,4215.25065,N,08258.84778,W,151.458,G3,8.8,7.2,4.852,189.14,0.358,,2.99,4.54,3.71,4,0,0*79,71502234
71527469,0.62,-0.53,-0.32,0.48,0.47,-0.76,-1.32,35.44,-4.62,0.56
71557245,0.63,-0.52,-0.31,0.49,0.35,-0.87,-1.46,106.06,-5.25,-1.19
71580702,0.65,-0.49,-0.30,0.50,0.46,-0.55,-1.89,204.69,-20.00,-3.12
$PUBX,00,004103.80,4215.25067,N,08258.84811,W,151.309,G3,8.9,7.2,5.159,189.14,0.365,,2.99,4.54,3.71,4,0,0*7B,71601303
71625266,0.69,-0.42,-0.26,0.53,0.52,1.08,-1.41,290.87,-45.31,-6.12
71652041,0.71,-0.36,-0.22,0.56,1.35,1.07,-1.52,305.56,-34.00,4.31
71678783,0.74,-0.30,-0.18,0.58,0.85,0.84,-0.94,321.13,-26.06,13.06
$PUBX,00,004103.90,4215.25069,N,08258.84852,W,151.147,G3,9.0,7.3,5.634,189.14,0.374,,2.99,4.54,3.71,4,0,0*7E,71702027
71726434,0.77,-0.21,-0.13,0.59,1.59,1.04,-2.25,330.37,-52.00,-22.31
71757869,0.78,-0.13,-0.09,0.60,0.58,1.93,-1.06,364.81,-20.44,-0.13
71784548,0.79,-0.06,-0.03,0.61,0.28,2.58,1.69,337.88,-2.62,-4.81
$PUBX,00,004104.00,4215.25071,N,08258.84895,W,150.982,G3,9.2,7.3,6.085,189.14,0.383,,2.99,4.54,3.71,4,0,0*77,71803169
71827494,0.79,0.02,0.04,0.61,1.01,-0.13,-2.29,360.56,18.25,11.81
71850554,0.78,0.10,0.10,0.61,0.50,-0.21,-2.30,393.31,16.06,16.06
71873210,0.78,0.14,0.14,0.60,-0.01,2.94,2.87,319.56,37.38,-4.75
$PUBX,00,004104.10,4215.25073,N,08258.84900,W,150.870,G3,9.3,7.3,5.672,189.14,0.388,,2.99,4.54,3.70,4,0,0*73,71900195
71924823,0.75,0.21,0.22,0.58,0.59,1.23,-3.36,290.06,27.62,10.88
71952171,0.73,0.28,0.26,0.57,1.35,0.99,-0.03,289.87,-52.13,17.87
71979541,0.72,0.31,0.27,0.55,0.80,3.96,2.37,182.62,-63.56,8.63
$PUBX,00,004104.20,4215.25075,N,08258.84886,W,150.782,G3,9.5,7.4,5.029,189.14,0.389,,2.99,4.54,3.70,4,0,0*73,72002341
72024386,0.72,0.35,0.28,0.54,0.50,0.17,0.51,70.87,-52.81,-13.81
72046726,0.72,0.36,0.28,0.53,0.68,0.48,0.73,55.88,-46.63,-11.25
72078854,0.72,0.37,0.28,0.52,0.92,0.88,1.18,21.00,-14.50,-6.19
$PUBX,00,004104.30,4215.25078,N,08258.84898,W,150.666,G3,9.6,7.4,4.999,189.14,0.392,,2.99,4.54,3.70,4,0,0*71,72101631
72124386,0.72,0.36,0.28,0.53,0.92,0.35,0.56,-36.50,28.00,5.94
72146655,0.72,0.35,0.28,0.53,0.67,1.16,1.16,-81.63,22.69,2.31
72171984,0.73,0.33,0.27,0.54,0.82,1.82,1.53,-143.44,10.00,0.13
$PUBX,00,004104.40,4215.25080,N,08258.84943,W,150.505,G3,9.8,7.5,5.532,189.14,0.400,,2.99,4.54,3.70,4,0,0*7F,72202722
72232357,0.76,0.25,0.21,0.57,0.81,1.76,0.05,-279.81,31.25,4.12
72262171,0.77,0.17,0.17,0.59,0.85,1.98,0.09,-375.69,63.00,9.69
72285618,0.78,0.08,0.12,0.61,0.29,1.45,-1.12,-391.56,66.19,0.13
$PUBX,00,004104.50,4215.25091,N,08258.85060,W,150.237,G3,10,7.5,7.038,217.79,0.422,,2.99,4.54,3.70,4,0,0*5D,72304019
72326443,0.79,-0.02,0.06,0.61,0.44,1.61,0.76,-336.44,27.31,-34.63
72348866,0.79,-0.07,0.03,0.61,0.68,2.70,-0.29,-385.13,-8.50,-43.56
72374249,0.78,-0.15,-0.04,0.60,1.19,1.97,-1.97,-407.44,-15.63,-39.94
$PUBX,00,004104.60,4215.25096,N,08258.85104,W,150.066,G3,10,7.6,7.391,233.75,0.431,,2.99,4.54,3.70,4,0,0*57,72401546
72426633,0.76,-0.26,-0.12,0.58,0.29,1.97,0.59,-323.50,29.69,0.88
72449082,0.74,-0.31,-0.15,0.58,0.26,1.93,-1.62,-319.75,27.25,-4.75
72474613,0.73,-0.35,-0.18,0.56,1.50,1.15,-1.91,-318.75,-0.19,-14.38
$PUBX,00,004104.70,4215.25099,N,08258.85108,W,149.950,G3,10,7.6,7.103,240.71,0.433,,2.99,4.54,3.70,4,0,0*5A,72502114
72526250,0.66,-0.47,-0.28,0.51,0.82,1.93,-0.29,-367.94,19.50,-23.25
72553092,0.64,-0.51,-0.31,0.49,0.77,1.56,0.30,-322.37,24.25,-25.19
72584893,0.61,-0.55,-0.33,0.46,0.67,-0.58,-1.69,-212.38,69.12,2.56
$PUBX,00,004104.80,4215.25100,N,08258.85097,W,149.853,G3,10,7.7,6.642,240.71,0.432,,2.99,4.54,3.70,4,0,0*52,72607733
72630173,0.59,-0.60,-0.34,0.43,0.38,-0.34,0.10,-118.13,48.75,-23.56
72657205,0.58,-0.61,-0.35,0.41,0.99,-0.72,-0.57,-88.44,50.50,-14.25
72679680,0.58,-0.62,-0.34,0.40,0.39,-1.40,-0.54,-25.62,54.38,10.75
$PUBX,00,004104.90,4215.25083,N,08258.84944,W,149.947,G3,10,7.7,4.349,240.71,0.408,,2.99,4.54,3.70,4,0,0*5E,72701901
72727947,0.59,-0.62,-0.33,0.40,-0.04,-0.92,0.08,46.00,23.87,3.12
72754854,0.60,-0.62,-0.32,0.40,0.26,-0.52,-0.29,81.50,18.50,6.00
72778832,0.61,-0.60,-0.30,0.41,0.34,0.02,-0.61,155.25,2.94,18.87
$PUBX,00,004105.00,4215.25084,N,08258.84944,W,149.843,G3,11,7.8,4.205,240.71,0.410,,2.99,4.54,3.70,4,0,0*5A,72803543
72828195,0.66,-0.54,-0.26,0.46,0.06,0.61,0.62,259.62,-31.25,37.88
72850664,0.68,-0.50,-0.24,0.48,0.77,1.37,1.00,282.12,-48.25,35.38
72875099,0.70,-0.47,-0.22,0.49,1.18,1.32,0.05,251.19,-72.06,27.50
$PUBX,00,004105.10,4215.25080,N,08258.84951,W,149.802,NF,11,7.8,4.205,240.71,0.410,,99.99,99.99,99.99,0,0,0*15,72900660
72923784,0.73,-0.38,-0.19,0.54,0.49,1.09,0.76,287.25,-91.12,29.94
72946244,0.74,-0.33,-0.17,0.56,0.65,1.79,1.62,326.44,-90.50,20.00
72970408,0.76,-0.26,-0.14,0.58,1.17,1.72,0.40,308.06,-62.62,15.69
$PUBX,00,004105.20,4215.25076,N,08258.84957,W,149.761,NF,11,7.9,4.205,240.71,0.410,,99.99,99.99,99.99,0,0,0*12,73000716
73028286,0.78,-0.16,-0.07,0.60,0.41,0.66,0.82,284.75,24.56,32.06
73057096,0.78,-0.11,-0.02,0.61,0.19,1.40,1.31,264.38,5.12,22.25
73081256,0.79,-0.05,0.02,0.61,0.97,2.02,-0.51,256.19,-37.88,8.19
$PUBX,00,004105.30,4215.25072,N,08258.84963,W,149.720,NF,11,7.9,4.205,240.71,0.410,,99.99,99.99,99.99,0,0,0*15,73100697
73122954,0.79,0.01,0.06,0.61,0.83,1.08,-0.89,246.00,18.37,10.25
73145462,0.78,0.04,0.09,0.61,0.78,1.48,-0.78,273.25,32.44,26.37
73170774,0.77,0.11,0.14,0.61,0.55,1.51,-1.63,304.13,4.06,40.44
$PUBX,00,004105.40,4215.25068,N,08258.84970,W,149.680,NF,11,7.9,4.205,240.71,0.410,,99.99,99.99,99.99,0,0,0*10,73197995
73227976,0.74,0.21,0.22,0.60,0.07,0.64,-1.49,263.00,2.00,22.44
73254675,0.73,0.26,0.25,0.58,1.12,1.32,-0.40,229.19,-41.37,-4.75
73279821,0.72,0.29,0.26,0.57,1.20,1.69,-0.38,203.62,-49.19,-2.81
$PUBX,00,004105.50,4215.25063,N,08258.84976,W,149.639,NF,11,8.0,4.205,240.71,0.410,,99.99,99.99,99.99,0,0,0*18,73302690
73324735,0.71,0.34,0.28,0.55,0.56,0.15,-0.78,91.63,-81.50,3.06
73347074,0.71,0.36,0.27,0.54,1.01,0.70,0.58,58.81,-84.87,-5.62
73379109,0.72,0.37,0.26,0.53,0.76,1.20,1.04,-14.44,-82.12,-6.69
$PUBX,00,004105.60,4215.25059,N,08258.84983,W,149.598,NF,12,8.0,4.205,240.71,0.410,,99.99,99.99,99.99,0,0,0*13,73400996
73424215,0.73,0.36,0.24,0.53,0.82,1.45,0.63,-74.62,9.69,-5.19
73446524,0.73,0.35,0.23,0.54,0.97,0.39,0.89,-136.94,24.06,0.88
73472024,0.74,0.32,0.22,0.54,0.78,-0.01,0.51,-186.44,43.38,5.81
$PUBX,00,004105.70,4215.25055,N,08258.84989,W,149.557,NF,12,8.1,4.205,240.71,0.410,,99.99,99.99,99.99,0,0,0*16,73499177
73524710,0.76,0.22,0.19,0.58,1.14,1.05,-0.49,-224.06,61.81,6.69
73547070,0.77,0.19,0.17,0.59,0.39,1.00,-1.07,-231.25,51.56,-2.31
73574533,0.78,0.14,0.14,0.59,0.57,0.80,-0.62,-205.19,25.75,-21.00
$PUBX,00,004105.80,4215.25051,N,08258.84995,W,149.516,NF,12,8.1,4.205,240.71,0.410,,99.99,99.99,99.99,0,0,0*15,73599182
73623750,0.79,0.08,0.11,0.60,1.05,0.96,-1.07,-205.62,26.31,-12.81
73647020,0.79,0.03,0.08,0.60,0.66,0.54,0.04,-219.44,31.56,-3.56
73671739,0.79,-0.00,0.07,0.60,0.67,0.42,-0.06,-207.37,34.44,1.06
$PUBX,00,004105.90,4215.25047,N,08258.85002,W,149.475,NF,12,8.2,4.205,240.71,0.410,,99.99,99.99,99.99,0,0,0*12,73698749
73723050,0.79,-0.06,0.03,0.61,0.57,1.01,-1.10,-146.13,15.50,4.50
73749690,0.79,-0.09,0.02,0.61,0.75,1.31,-0.85,-117.50,18.81,11.94
73775183,0.78,-0.11,0.01,0.61,0.76,0.95,-0.66,-76.75,14.69,20.56
$PUBX,00,004106.00,4215.25043,N,08258.85008,W,149.434,NF,12,8.2,4.205,240.71,0.410,,99.99,99.99,99.99,0,0,0*13,73799695
73824162,0.78,-0.11,0.01,0.62,0.77,0.04,-0.97,-3.37,-3.81,7.75
73852944,0.78,-0.11,0.00,0.62,0.63,0.09,-0.65,-0.88,-21.12,-4.12
73878860,0.78,-0.10,-0.00,0.62,0.31,1.05,0.96,8.06,-31.37,0.69
$PUBX,00,004106.10,4215.25039,N,08258.85015,W,149.393,NF,13,8.2,4.205,240.71,0.410,,99.99,99.99,99.99,0,0,0*18,73899431
73922320,0.77,-0.09,-0.01,0.63,0.59,0.02,0.10,21.31,-16.69,7.19
73947367,0.77,-0.09,-0.01,0.63,0.72,0.24,0.00,24.69,-13.19,1.69
73977010,0.77,-0.08,-0.01,0.63,0.65,1.06,0.43,11.25,-7.94,-4.25
$PUBX,00,004106.20,4215.25034,N,08258.85021,W,149.352,NF,13,8.3,4.205,240.71,0.410,,99.99,99.99,99.99,0,0,0*1D,74001613
74028043,0.77,-0.09,-0.01,0.63,0.63,0.41,0.06,-7.94,6.56,-0.56
74054796,0.77,-0.09,-0.01,0.63,0.62,0.70,-0.17,-1.44,4.69,-2.44
74079079,0.77,-0.09,-0.01,0.63,0.64,0.48,0.20,-1.31,1.06,-1.12
$PUBX,00,004106.30,4215.25030,N,08258.85028,W,149.311,NF,13,8.3,4.205,240.71,0.410,,99.99,99.99,99.99,0,0,0*16,74101421
74125500,0.77,-0.09,-0.01,0.63,0.55,0.43,-0.04,-3.31,-1.50,1.00
74152155,0.77,-0.09,-0.01,0.63,0.63,0.42,-0.26,1.25,4.19,2.50
74179163,0.77,-0.09,-0.01,0.64,0.62,0.37,-0.09,2.31,-1.31,0.88
$PUBX,00,004106.40,4215.25026,N,08258.85034,W,149.270,NF,13,8.4,4.205,240.71,0.410,,99.99,99.99,99.99,0,0,0*1A,74201323
74224470,0.77,-0.08,-0.01,0.64,0.53,0.68,0.00,-2.94,1.19,-1.44
74249655,0.77,-0.08,-0.01,0.64,0.52,0.56,0.03,-2.31,2.44,-0.81
74272158,0.77,-0.08,-0.01,0.64,0.45,0.44,0.25,2.00,2.69,1.69
74295847,0.77,-0.08,-0.01,0.64,0.42,0.51,0.00,2.56,0.56,1.06
$PUBX,00,004106.50,4215.25022,N,08258.85040,W,149.229,NF,14,8.4,4.205,240.71,0.410,,99.99,99.99,99.99,0,0,0*17,74316861
74341889,0.76,-0.07,-0.01,0.64,0.42,0.54,0.22,1.12,-4.69,0.56
74368508,0.76,-0.07,-0.01,0.64,0.31,0.19,0.00,-4.25,-2.31,0.81
74392165,0.76,-0.07,-0.01,0.64,0.27,0.12,0.04,-1.94,-3.06,-2.94
$PUBX,00,004106.60,4215.25018,N,08258.85047,W,149.188,NF,14,8.4,4.205,240.71,0.410,,99.99,99.99,99.99,0,0,0*12,74414929
74439752,0.76,-0.07,-0.01,0.64,0.20,0.27,-0.15,-4.81,-2.62,-6.69
74466429,0.76,-0.07,-0.01,0.64,-0.34,-0.20,0.15,-0.56,-1.12,-8.56
74491519,0.77,-0.07,-0.01,0.64,-0.69,-0.09,0.17,3.56,0.00,-15.25
$PUBX,00,004106.70,4215.25014,N,08258.85053,W,149.147,NF,14,8.5,4.205,240.71,0.410,,99.99,99.99,99.99,0,0,0*18,74522116
74544172,0.78,-0.07,-0.01,0.62,-0.89,-0.10,0.25,-6.37,4.69,-55.25
74566512,0.79,-0.07,-0.01,0.61,-1.00,-0.10,0.10,-3.37,2.12,-66.06
74591896,0.80,-0.07,-0.01,0.60,-1.36,0.34,0.07,4.69,4.56,-80.87
$PUBX,00,004106.80,4215.25010,N,08258.85060,W,149.106,NF,14,8.5,4.205,240.71,0.410,,99.99,99.99,99.99,0,0,0*16,74614597
74638289,0.82,-0.08,-0.01,0.57,-1.58,2.18,0.09,-6.75,26.44,-133.44
74672723,0.85,-0.08,-0.01,0.51,-0.67,1.07,0.06,3.00,33.69,-183.69
74695273,0.87,-0.09,-0.00,0.48,-0.13,0.35,-1.10,-13.13,56.81,-213.81
$PUBX,00,004106.90,4215.25005,N,08258.85066,W,149.065,NF,15,8.6,4.205,240.71,0.410,,99.99,99.99,99.99,0,0,0*13,74713839
74735872,0.91,-0.09,0.01,0.41,-0.28,2.17,-1.14,39.06,44.31,-258.75
74758211,0.93,-0.09,0.01,0.37,-0.40,2.35,-1.41,21.87,10.63,-270.88
74783462,0.95,-0.09,0.00,0.30,0.00,1.41,-0.43,-3.75,-11.25,-288.31
$PUBX,00,004107.00,4215.25001,N,08258.85072,W,149.024,NF,15,8.6,4.205,240.71,0.410,,99.99,99.99,99.99,0,0,0*1F,74803588
74826095,0.97,-0.09,-0.01,0.21,0.43,1.85,0.47,9.81,-10.50,-275.44
74850578,0.98,-0.09,-0.01,0.16,-0.65,3.17,2.29,-50.19,8.13,-246.69
74877833,0.99,-0.10,-0.00,0.11,-1.00,-0.16,-0.63,-12.31,80.31,-212.31
74903778,0.99,-0.11,0.00,0.08,0.73,0.17,0.89,-9.13,30.25,-166.19
$PUBX,00,004107.10,4215.24997,N,08258.85079,W,148.983,NF,15,8.7,4.205,240.71,0.410,,99.99,99.99,99.99,0,0,0*16,74926445
74953763,0.99,-0.11,0.00,0.03,0.33,0.42,-0.06,27.31,2.50,-47.94
74980059,0.99,-0.10,-0.00,0.03,-0.15,1.12,1.57,25.00,-24.75,-11.19
$PUBX,00,004107.20,4215.25387,N,08258.83571,W,152.207,G2,16,6.7,17.666,124.21,0.035,,2.17,1.00,1.25,3,0,0*6C,75005178
75027658,0.99,-0.09,-0.01,0.03,0.42,1.33,0.56,3.62,-28.62,32.88
75052123,0.99,-0.09,-0.02,0.05,0.95,0.50,0.76,-6.37,-10.25,69.56
75079395,0.99,-0.10,-0.01,0.07,0.86,0.11,0.59,-19.19,24.00,126.06
$PUBX,00,004107.30,4215.25395,N,08258.83537,W,152.203,NF,16,6.7,17.666,124.21,0.035,,99.99,99.99,99.99,0,0,0*25,75099512
75131069,0.98,-0.10,0.00,0.15,0.87,0.38,0.00,-0.25,-15.81,231.63
75156468,0.97,-0.10,-0.00,0.22,-0.02,0.67,1.08,5.44,-50.25,263.44
75179141,0.96,-0.10,-0.01,0.27,1.21,0.95,1.35,-14.13,-68.00,293.94
$PUBX,00,004107.40,4215.25402,N,08258.83502,W,152.200,NF,16,6.7,17.666,124.21,0.035,,99.99,99.99,99.99,0,0,0*2E,75201257
75223084,0.92,-0.10,-0.01,0.37,1.02,-0.39,0.09,-23.69,-31.94,327.13
75247705,0.89,-0.11,-0.01,0.45,0.01,1.92,0.84,-15.69,-7.75,321.50
75276841,0.85,-0.11,-0.01,0.52,1.55,4.42,-1.93,-25.44,-3.44,310.44
$PUBX,00,004107.50,4215.25409,N,08258.83468,W,152.196,NF,16,6.7,17.666,124.21,0.035,,99.99,99.99,99.99,0,0,0*25,75299651
75321556,0.78,-0.11,0.00,0.61,0.44,1.19,0.13,53.00,-3.50,346.19
75346941,0.75,-0.10,0.02,0.65,-0.48,1.32,1.20,65.56,51.63,323.25
75369545,0.69,-0.11,0.04,0.71,1.32,1.38,1.49,-40.56,37.94,317.00
75392921,0.65,-0.11,0.04,0.75,0.57,0.89,-1.39,-45.88,26.62,328.06
$PUBX,00,004107.60,4215.25416,N,08258.83434,W,152.193,NF,17,6.7,17.666,124.21,0.035,,99.99,99.99,99.99,0,0,0*25,75413579
75439533,0.55,-0.10,0.05,0.83,0.96,2.71,-2.10,40.56,-54.19,295.50
75466304,0.51,-0.08,0.06,0.85,-0.05,0.24,0.27,57.88,-34.44,292.06
75490470,0.45,-0.06,0.06,0.89,1.11,1.27,0.32,12.81,-68.75,289.00
$PUBX,00,004107.70,4215.25423,N,08258.83399,W,152.189,NF,17,6.8,17.666,124.21,0.035,,99.99,99.99,99.99,0,0,0*26,75513193
75539603,0.35,-0.03,0.07,0.93,-2.41,-1.62,-0.96,25.25,-59.81,230.56
75562445,0.33,-0.02,0.07,0.94,-0.40,-0.53,1.57,16.87,-39.44,167.31
75589715,0.29,-0.01,0.07,0.95,-0.23,0.12,1.04,-2.37,-15.00,148.81
$PUBX,00,004107.80,4215.25430,N,08258.83365,W,152.186,NF,17,6.8,17.666,124.21,0.035,,99.99,99.99,99.99,0,0,0*27,75608303
75630433,0.27,-0.00,0.06,0.96,-1.37,-1.36,0.09,-28.81,-32.75,66.00
75653080,0.26,-0.01,0.05,0.96,0.64,1.06,0.98,-42.44,9.44,30.31
75675558,0.26,-0.01,0.04,0.96,0.36,-0.17,0.49,-34.44,6.81,14.13
$PUBX,00,004107.90,4215.25395,N,08258.83111,W,152.072,G2,17,6.7,19.971,99.02,0.034,,2.28,1.00,1.33,3,0,0*5C,75702340
75735443,0.27,-0.01,0.03,0.96,-0.39,0.38,0.75,-17.37,-0.56,-51.44
75762248,0.29,-0.01,0.03,0.96,-0.37,0.36,0.00,-2.50,16.81,-98.06
75791523,0.33,-0.02,0.04,0.94,-1.17,-1.18,-0.67,14.38,46.06,-142.50
$PUBX,00,004108.00,4215.25384,N,08258.82895,W,151.958,G2,17,6.7,21.906,88.57,0.035,,2.28,1.00,1.33,3,0,0*56,75809930
75832326,0.39,-0.04,0.05,0.92,-0.70,0.26,0.64,18.25,28.50,-237.63
75859406,0.43,-0.04,0.06,0.90,-0.23,-0.31,-0.23,15.19,49.19,-260.63
75887632,0.50,-0.06,0.07,0.86,0.73,1.41,-0.17,22.19,57.62,-289.50
$PUBX,00,004108.10,4215.25374,N,08258.82679,W,151.842,G2,17,6.7,23.812,84.60,0.035,,2.28,1.00,1.33,3,0,0*50,75913424
75935251,0.60,-0.09,0.05,0.79,0.91,-0.80,-0.53,-74.81,45.81,-304.00
75960170,0.64,-0.11,0.04,0.76,0.61,0.80,-1.86,-48.06,49.94,-308.94
75988194,0.70,-0.11,0.03,0.71,-0.16,1.69,-0.07,17.06,0.62,-317.69
$PUBX,00,004108.20,4215.25379,N,08258.82632,W,151.839,NF,18,6.7,23.812,84.60,0.035,,99.99,99.99,99.99,0,0,0*14,76006567
76028284,0.77,-0.11,0.03,0.63,0.23,1.74,-0.95,-5.19,6.56,-348.25
76054372,0.82,-0.11,0.01,0.55,0.73,1.39,-1.85,-32.19,-49.56,-348.87
76076781,0.85,-0.12,-0.01,0.51,-1.70,1.72,0.15,-36.31,-46.25,-336.31
$PUBX,00,004108.30,4215.25385,N,08258.82584,W,151.835,NF,18,6.7,23.812,84.60,0.035,,99.99,99.99,99.99,0,0,0*14,76099192
76121118,0.91,-0.11,-0.03,0.40,-1.37,2.91,-0.13,3.37,4.56,-347.94
76149025,0.94,-0.11,-0.04,0.33,0.59,1.26,-0.26,7.69,-52.19,-309.94
76171515,0.95,-0.10,-0.06,0.28,0.01,1.53,0.88,-30.75,-57.50,-300.13
$PUBX,00,004108.40,4215.25390,N,08258.82536,W,151.832,NF,18,6.7,23.812,84.60,0.035,,99.99,99.99,99.99,0,0,0*19,76199267
76223331,0.98,-0.12,-0.07,0.17,0.58,1.00,-2.14,-66.37,58.75,-250.06
76246841,0.98,-0.13,-0.07,0.11,1.39,-1.87,-0.07,-1.19,42.13,-175.50
76273915,0.99,-0.12,-0.06,0.09,0.55,-1.70,-0.03,14.25,55.56,-140.56
$PUBX,00,004108.50,4215.25395,N,08258.82489,W,151.828,NF,19,6.7,23.812,84.60,0.035,,99.99,99.99,99.99,0,0,0*12,76298760
76325347,0.99,-0.11,-0.05,0.04,-0.65,0.89,0.40,38.44,-20.00,-108.56
76348195,0.99,-0.10,-0.07,0.02,0.42,-0.79,1.34,39.88,-49.25,-66.37
76379477,0.99,-0.09,-0.08,0.00,0.45,-0.70,1.47,24.75,-23.25,-13.75
$PUBX,00,004108.60,4215.25401,N,08258.82441,W,151.824,NF,19,6.7,23.812,84.60,0.035,,99.99,99.99,99.99,0,0,0*13,76399335
76421168,0.99,-0.08,-0.08,0.01,0.73,0.21,0.29,12.37,20.88,34.44
76446200,0.99,-0.08,-0.07,0.02,1.31,0.39,0.64,20.69,22.37,73.69
76472880,0.99,-0.08,-0.06,0.04,0.06,-0.26,-0.06,-7.87,30.94,114.31
$PUBX,00,004108.70,4215.25406,N,08258.82394,W,151.821,NF,19,6.7,23.812,84.60,0.035,,99.99,99.99,99.99,0,0,0*1F,76499691
76528318,0.99,-0.07,-0.04,0.13,1.21,0.34,-0.82,55.75,26.62,225.56
76551909,0.98,-0.06,-0.03,0.17,-0.03,0.22,-0.83,51.88,28.62,246.44
76574309,0.98,-0.06,-0.02,0.21,-0.24,0.64,-0.24,38.50,25.19,253.31
$PUBX,00,004108.80,4215.25412,N,08258.82346,W,151.817,NF,19,6.7,23.812,84.60,0.035,,99.99,99.99,99.99,0,0,0*1F,76601030
76627619,0.93,-0.05,0.02,0.35,-0.31,1.54,0.03,30.31,81.31,327.31
76650498,0.91,-0.05,0.04,0.40,-0.04,2.17,-0.71,34.88,131.25,326.81
76672932,0.89,-0.06,0.06,0.45,0.05,1.79,-0.93,14.00,109.63,330.50
$PUBX,00,004108.90,4215.25417,N,08258.82299,W,151.814,NF,20,6.8,23.812,84.60,0.035,,99.99,99.99,99.99,0,0,0*1E,76699191
76721574,0.81,-0.07,0.10,0.57,0.40,2.30,-0.29,-65.00,65.00,309.12
76750110,0.76,-0.09,0.10,0.63,-0.02,2.33,-0.23,-85.06,36.19,313.87
76772502,0.73,-0.10,0.10,0.67,0.46,0.41,-1.04,-52.88,32.44,334.69
76798020,0.69,-0.10,0.11,0.71,0.99,0.33,-0.75,-23.44,61.69,330.44
$PUBX,00,004109.00,4215.25423,N,08258.82251,W,151.810,NF,20,6.8,23.812,84.60,0.035,,99.99,99.99,99.99,0,0,0*11,76820887
76846965,0.59,-0.11,0.12,0.79,1.76,1.15,-0.57,-52.25,32.63,276.31
76871175,0.53,-0.11,0.13,0.83,1.70,2.03,-1.30,-8.31,8.75,279.38
76894773,0.49,-0.09,0.13,0.86,-0.01,0.15,0.31,34.81,-49.63,267.06
$PUBX,00,004109.10,4215.25428,N,08258.82204,W,151.807,NF,20,6.8,23.812,84.60,0.035,,99.99,99.99,99.99,0,0,0*1D,76917760
76939874,0.41,-0.05,0.15,0.90,0.08,-1.27,1.29,57.06,-33.63,187.69
76966678,0.39,-0.05,0.15,0.91,-0.45,0.12,0.91,-0.44,5.44,147.69
$PUBX,00,004109.20,4215.25433,N,08258.82156,W,151.803,NF,21,6.8,23.812,84.60,0.035,,99.99,99.99,99.99,0,0,0*15,76999711
77023921,0.35,-0.04,0.15,0.92,-1.12,-1.18,0.74,13.75,-47.25,57.81
77047744,0.35,-0.03,0.15,0.93,-0.40,-1.41,1.00,4.00,-44.25,21.31
77074518,0.35,-0.03,0.14,0.93,0.25,-0.44,0.46,-47.75,-12.37,-13.81
$PUBX,00,004109.30,4215.25439,N,08258.82109,W,151.800,NF,21,6.8,23.812,84.60,0.035,,99.99,99.99,99.99,0,0,0*17,77097675
77122206,0.37,-0.03,0.12,0.92,0.60,-0.35,-0.86,-48.25,-13.69,-54.00
77153320,0.39,-0.04,0.11,0.91,0.22,-0.24,-0.17,3.56,7.62,-91.31
77179577,0.40,-0.04,0.11,0.91,-0.23,-0.42,0.76,8.75,4.19,-107.75
$PUBX,00,004109.40,4215.25444,N,08258.82061,W,151.796,NF,21,6.8,23.812,84.60,0.035,,99.99,99.99,99.99,0,0,0*15,77203062
77225354,0.45,-0.05,0.11,0.88,0.14,-0.06,-0.08,-4.25,21.87,-148.81
77249116,0.48,-0.06,0.11,0.87,0.60,0.42,0.03,-0.13,33.31,-167.75
77275884,0.52,-0.07,0.11,0.84,0.64,0.68,-0.47,-23.25,7.69,-209.25
$PUBX,00,004109.50,4215.25450,N,08258.82014,W,151.793,NF,21,6.8,23.812,84.60,0.035,,99.99,99.99,99.99,0,0,0*16,77300938
77328975,0.60,-0.08,0.09,0.79,0.65,-1.42,-1.05,-24.00,21.06,-223.06
77353895,0.64,-0.09,0.09,0.75,0.32,-0.81,-1.90,8.81,37.31,-252.50
77376670,0.68,-0.10,0.08,0.72,0.80,3.11,0.01,-10.50,-38.31,-266.69
$PUBX,00,004109.60,4215.25455,N,08258.81966,W,151.789,NF,22,6.8,23.812,84.60,0.035,,99.99,99.99,99.99,0,0,0*17,77403297
77429436,0.74,-0.11,0.05,0.66,0.44,0.04,-0.43,-71.62,12.19,-183.00
77454782,0.77,-0.13,0.04,0.63,0.94,0.06,-1.64,-45.31,37.81,-173.38
77484021,0.78,-0.13,0.04,0.61,1.25,1.90,-1.28,2.94,-18.44,-167.44
$PUBX,00,004109.70,4215.25461,N,08258.81919,W,151.786,NF,22,6.8,23.812,84.60,0.035,,99.99,99.99,99.99,0,0,0*16,77502473
77526180,0.81,-0.11,0.02,0.57,0.02,1.35,0.97,4.87,-55.81,-76.62
77555186,0.82,-0.10,0.01,0.56,0.21,-1.25,-0.72,15.25,-62.69,-62.50
77578221,0.83,-0.09,0.00,0.55,0.22,-0.15,-0.48,46.81,-51.88,-19.94
$PUBX,00,004109.80,4215.25466,N,08258.81871,W,151.782,NF,22,6.8,23.812,84.60,0.035,,99.99,99.99,99.99,0,0,0*15,77601214
77629708,0.83,-0.07,0.00,0.55,1.16,-1.62,0.47,6.75,-24.94,-2.25
77656526,0.83,-0.07,-0.00,0.55,-0.42,-0.22,0.27,-5.19,-44.06,-3.56
77683371,0.83,-0.06,-0.01,0.55,1.24,0.45,-0.19,-0.81,-7.25,1.31
$PUBX,00,004109.90,4215.25471,N,08258.81823,W,151.779,NF,23,6.8,23.812,84.60,0.035,,99.99,99.99,99.99,0,0,0*10,77701797
77726599,0.83,-0.06,0.00,0.56,0.37,0.34,0.56,20.44,20.88,22.37
77752844,0.83,-0.06,0.01,0.56,-0.09,0.61,1.53,15.94,17.87,14.44
77779791,0.82,-0.06,0.01,0.56,0.75,0.72,0.23,-6.69,5.25,7.94
$PUBX,00,004110.00,4215.25477,N,08258.81776,W,151.775,NF,23,6.8,23.812,84.60,0.035,,99.99,99.99,99.99,0,0,0*14,77800712
77825931,0.82,-0.07,0.01,0.57,-0.36,-0.02,0.82,-13.25,25.37,18.31
77855247,0.82,-0.08,0.02,0.57,-0.57,-0.20,0.91,-4.56,12.69,18.75
77879324,0.82,-0.08,0.02,0.57,0.11,-0.11,-0.41,-4.06,-4.44,9.25
$PUBX,00,004110.10,4215.25482,N,08258.81728,W,151.772,NF,23,6.8,23.812,84.60,0.035,,99.99,99.99,99.99,0,0,0*13,77898947
77921204,0.82,-0.08,0.01,0.57,0.12,1.01,0.52,-5.12,-2.19,-3.12
77950337,0.82,-0.08,0.01,0.57,0.24,0.59,0.00,8.56,0.37,6.75
77974953,0.81,-0.07,0.02,0.58,0.13,0.25,-0.05,10.69,0.13,13.44
77997721,0.81,-0.07,0.02,0.58,0.00,-0.15,0.08,5.25,-0.75,8.19
$PUBX,00,004110.20,4215.25648,N,08258.81600,W,151.721,G2,23,6.8,24.836,81.08,0.033,,16.27,1.00,3.73,3,0,0*6F,78016065
78038153,0.81,-0.07,0.01,0.58,0.55,0.41,-0.24,-12.56,-17.00,-6.69
78061206,0.81,-0.07,0.01,0.58,0.34,0.99,0.21,-9.94,-2.37,-6.75
78083600,0.81,-0.07,0.01,0.58,0.05,0.79,0.17,0.25,8.00,4.00
$PUBX,00,004110.30,4215.25656,N,08258.81551,W,151.717,NF,24,6.8,24.836,81.08,0.033,,99.99,99.99,99.99,0,0,0*1E,78102049
78129328,0.81,-0.08,0.01,0.58,0.11,-0.37,-0.17,1.75,4.94,-4.25
78158822,0.82,-0.08,0.01,0.57,0.18,0.59,0.00,-2.81,7.50,-6.19
78182234,0.82,-0.08,0.02,0.57,0.23,0.49,-0.35,2.25,19.12,0.25
$PUBX,00,004110.40,4215.25664,N,08258.81502,W,151.714,NF,24,6.8,24.836,81.08,0.033,,99.99,99.99,99.99,0,0,0*1D,78201769
78225412,0.82,-0.08,0.02,0.57,0.04,0.16,0.37,-1.50,-2.37,-4.56
78252034,0.82,-0.08,0.02,0.57,0.06,0.33,0.59,0.94,-11.56,-2.75
78283455,0.82,-0.08,0.01,0.57,0.55,0.35,-0.50,10.75,-12.88,1.37
$PUBX,00,004110.50,4215.25785,N,08258.81400,W,151.671,G2,24,6.8,25.479,78.39,0.032,,16.26,1.00,3.73,3,0,0*6B,78303170
78326651,0.82,-0.07,0.01,0.57,0.17,0.03,0.12,-4.31,-1.75,-0.31
78353500,0.82,-0.07,0.01,0.57,-0.02,0.52,0.63,5.75,-9.19,2.62
78377866,0.82,-0.07,0.01,0.57,0.07,0.30,0.03,9.50,-0.88,4.44
$PUBX,00,004110.60,4215.25897,N,08258.81302,W,151.632,G2,24,6.8,26.079,76.23,0.031,,16.26,1.00,3.73,3,0,0*67,78401831
78433315,0.82,-0.07,0.02,0.57,0.35,0.28,-0.13,-4.75,1.81,-1.19
78461690,0.82,-0.07,0.01,0.57,0.20,0.34,0.21,-4.19,-1.56,0.44
78484829,0.82,-0.07,0.01,0.57,0.63,0.16,1.52,22.25,-13.06,-1.56
$PUBX,00,004110.70,4215.26000,N,08258.81209,W,151.597,G2,25,6.8,26.619,74.46,0.031,,16.26,1.00,3.73,3,0,0*65,78503290
78525310,0.82,-0.07,0.01,0.57,0.25,0.29,0.13,-1.81,2.62,-0.75
78547557,0.82,-0.07,0.01,0.57,0.26,0.46,-0.09,-2.00,2.06,-1.37
78572561,0.82,-0.07,0.01,0.57,0.14,0.45,0.13,-1.87,3.31,-0.62
78596824,0.82,-0.07,0.01,0.57,0.11,0.52,0.07,-2.12,2.19,-0.19
$PUBX,00,004110.80,4215.26066,N,08258.81138,W,151.566,G2,25,6.8,26.800,73.32,0.031,,16.26,1.00,3.73,3,0,0*67,78615305
78637233,0.82,-0.07,0.02,0.57,0.18,0.32,0.04,0.00,-2.87,-1.44
78661837,0.82,-0.07,0.01,0.57,0.28,0.06,-0.22,-3.62,-1.37,-2.00
78685733,0.82,-0.07,0.01,0.57,0.14,0.26,0.01,-1.81,1.37,0.19
$PUBX,00,004110.90,4215.26079,N,08258.81087,W,151.563,NF,25,6.8,26.800,73.32,0.031,,99.99,99.99,99.99,0,0,0*13,78708464
78733400,0.82,-0.07,0.02,0.57,0.17,0.26,-0.15,2.75,1.56,0.56
78763863,0.82,-0.07,0.02,0.57,0.24,0.19,0.00,-0.44,-1.81,-0.88
78790620,0.82,-0.07,0.01,0.57,0.14,0.36,0.05,-2.62,-1.87,-1.37
$PUBX,00,004111.00,4215.26091,N,08258.81035,W,151.560,NF,25,6.8,26.800,73.32,0.031,,99.99,99.99,99.99,0,0,0*17,78809317
78834214,0.82,-0.07,0.01,0.57,0.12,0.21,0.00,-4.25,0.00,-1.69
78860974,0.82,-0.07,0.01,0.57,0.15,0.17,-0.08,-2.87,-1.81,-1.00
78890496,0.82,-0.07,0.01,0.57,0.15,0.19,0.04,-2.50,-1.94,0.75
$PUBX,00,004111.10,4215.26103,N,08258.80984,W,151.557,NF,26,6.8,26.800,73.32,0.031,,99.99,99.99,99.99,0,0,0*19,78910307
78936606,0.82,-0.07,0.01,0.57,0.09,0.21,0.09,0.75,0.06,0.13
78965705,0.82,-0.06,0.01,0.57,0.11,0.18,-0.04,-1.25,-0.88,-1.12
78989002,0.82,-0.07,0.01,0.57,0.18,0.22,-0.02,-5.00,-2.44,-1.87
$PUBX,00,004111.20,4215.26116,N,08258.80932,W,151.554,NF,26,6.8,26.800,73.32,0.031,,99.99,99.99,99.99,0,0,0*10,79007530
79029498,0.82,-0.06,0.01,0.57,0.11,0.27,0.03,-0.13,-4.12,0.75
79051952,0.82,-0.06,0.01,0.57,0.08,0.24,-0.04,2.50,-2.37,1.56
79083434,0.82,-0.06,0.01,0.57,0.13,0.16,-0.05,-1.00,-1.31,-1.31
$PUBX,00,004111.30,4215.26128,N,08258.80881,W,151.551,NF,26,6.8,26.800,73.32,0.031,,99.99,99.99,99.99,0,0,0*10,79106148
79129037,0.82,-0.06,0.01,0.57,0.08,0.23,-0.06,-1.94,-3.50,-1.25
79155455,0.82,-0.06,0.01,0.57,0.03,0.27,0.03,-1.31,-2.44,-0.13
79179044,0.82,-0.06,0.01,0.57,0.01,0.20,0.04,-0.75,0.25,0.13
$PUBX,00,004111.40,4215.26140,N,08258.80829,W,151.548,NF,27,6.8,26.800,73.32,0.031,,99.99,99.99,99.99,0,0,0*12,79200326
79227032,0.82,-0.06,0.01,0.57,0.21,0.09,-0.24,-3.75,-0.13,-0.37
